1 335970
2 118716
3 116778
4 116538
5 115428
6 116700
7 116124
8 116028
9 115398
10 115014
11 114930
12 115374
13 115548
14 115974
15 116814
16 114990
17 115818
18 115956
19 116268
20 325986
21 175728
22 118956
23 115494
24 115632
25 116646
26 116916
27 115722
28 115650
29 115668
30 115458
31 115668
32 116460
33 116610
34 138912
35 117690
36 115968
37 115452
38 115812
39 116016
40 115182
41 115452
42 115494
43 184794
44 119148
45 116790
46 168546
47 117336
48 115500
49 116280
50 115548
51 116550
52 117354
53 116322
54 115890
55 115752
56 8133882
57 192804
58 124776
59 117414
60 115776
61 115728
62 115992
63 148822902
64 148200
65 179238
66 121710
67 117000
68 116784
69 108636
70 116250
71 116568
72 116418
73 115668
74 115842
75 116472
76 115656
77 116208
78 115422
79 115500
80 115446
81 115320
82 364920
83 229428
84 119436
85 172692
86 117108
87 186180
88 120684
89 167796
90 120744
91 116964
92 268878
93 119634
94 174114
95 117924
96 116652
97 116322
98 116322
99 115992
100 116244
101 116094
102 116454
103 115896
104 115866
105 116148
106 116442
107 115632
108 115620
109 189870
110 117510
111 167454
112 118974
113 115968
114 116466
115 115434
116 115698
117 138438
118 118584
119 6645018
120 395538
121 179382
122 121830
123 117654
124 116304
125 116064
126 116892
127 117102
128 118392
129 116850
130 116286
131 116538
132 116568
133 195444
134 121572
135 116148
136 171738
137 116832
138 116820
139 141894
140 117972
141 116028
142 116016
143 116532
144 116622
145 116418
146 298518
147 174534
148 118380
149 115596
150 116760
151 116274
152 117438
153 200226
154 119376
155 169482
156 119988
157 116952
158 118440
159 267678
160 171642
161 123402
162 116502
163 116880
164 116970
165 117090
166 117648
167 117360
168 116424
169 117696
170 116868
171 117870
172 117276
173 117294
174 116100
175 141270
176 7178436
177 192150
178 123714
179 118008
180 116712
181 115860
182 116334
183 116508
184 116832
185 116592
186 115860
187 116034
188 115830
189 115590
190 116370
191 116328
192 115554
193 115890
194 116142
195 115434
196 141966
197 116010
198 190416
199 120906
200 115908
201 167544
202 117438
203 117318
204 116544
205 116700
206 114984
207 116118
208 115596
209 116580
210 116934
211 116154
212 116934
213 116514
214 116232
215 117978
216 117498
217 116502
218 115782
219 115722
220 115872
221 115764
222 328194
223 181182
224 121128
225 116262
226 276750
227 173046
228 121878
229 116910
230 210372
231 119358
232 283728
233 7317918
234 190860
235 123402
236 116586
237 208182
238 117270
239 170472
240 118542
241 115986
242 116082
243 116616
244 115290
245 116262
246 115632
247 140922
248 117900
249 115578
250 115554
251 115788
252 115458
253 115590
254 115836
255 115710
256 115932
257 115452
258 116046
259 116550
260 115734
261 116010
262 114912
263 115938
264 116328
265 115650
266 115002
267 114876
268 115344
269 114516
270 114696
271 115512
272 115212
273 114702
274 114636
275 115506
276 115866
277 115674
278 115536
279 114900
280 115320
281 115686
282 115686
283 115602
284 115620
285 115194
286 319206
287 224082
288 121086
289 320256
290 6470862
291 182820
292 123546
293 117318
294 116040
295 116478
296 116364
297 115350
298 114774
299 116250
300 116688
301 116634
302 116640
303 115944
304 115254
305 115644
306 115524
307 115938
308 116430
309 116154
310 115404
311 143124
312 116532
313 116406
314 116598
315 116766
316 116130
317 115362
318 329244
319 179718
320 122568
321 117786
322 290334
323 188700
324 119934
325 273756
326 125532
327 172560
328 119418
329 115878
330 117984
331 116922
332 117780
333 117264
334 117762
335 117972
336 116688
337 116184
338 115266
339 115626
340 116190
341 188190
342 120144
343 115728
344 193116
345 118578
346 116910
347 6666138
348 182544
349 123546
350 118020
351 116418
352 115620
353 117270
354 115644
355 115332
356 115548
357 114714
358 114762
359 116736
360 115620
361 114636
362 114780
363 115752
364 115356
365 115764
366 116958
367 305874
368 244170
369 124314
370 168690
371 122274
372 118242
373 183828
374 119010
375 167664
376 120702
377 116484
378 273504
379 173508
380 119034
381 116058
382 115482
383 116106
384 115506
385 187914
386 116406
387 170700
388 116832
389 115578
390 115422
391 285432
392 171576
393 121620
394 116646
395 116064
396 116412
397 116952
398 115902
399 115584
400 115236
401 138594
402 118566
403 117156
404 7282488
405 233496
406 114972
407 302004
408 122610
409 180336
410 119094
411 119010
412 117516
413 116964
414 116484
415 116466
416 115902
417 116760
418 117498
419 161292
420 117726
421 115944
422 115758
423 116316
424 117384
425 116376
426 116046
427 116004
428 116178
429 116598
430 116994
431 117354
432 115914
433 116388
434 116046
435 116466
436 116964
437 117240
438 116238
439 116448
440 116100
441 116118
442 116340
443 117012
444 116382
445 116478
446 116016
447 116766
448 115878
449 192444
450 122028
451 116652
452 172716
453 116640
454 115584
455 117048
456 116238
457 115794
458 139776
459 116832
460 6802260
461 185550
462 124548
463 117936
464 116130
465 116022
466 116448
467 115752
468 115584
469 115926
470 115164
471 115758
472 116184
473 116790
474 115482
475 114990
476 115248
477 115374
478 115962
479 116388
480 115290
481 114480
482 141660
483 116922
484 115212
485 115602
486 115980
487 114960
488 115224
489 114846
490 115374
491 199752
492 122856
493 169140
494 118740
495 115566
496 115602
497 115986
498 116310
499 115620
500 115794
501 115536
502 115596
503 115794
504 116232
505 116622
506 115800
507 116154
508 115758
509 115620
510 116520
511 116082
512 323772
513 28842
514 8442
515 7920
516 7692
517 7764
518 7902
519 7662
520 8016
521 7740
522 7620
523 7728
524 7788
525 7710
526 7560
527 7764
528 7650
529 7734
530 7872
531 7830
532 7506
533 7758
534 7836
535 7818
536 7704
537 7674
538 7590
539 7698
540 7524
541 7620
542 7728
543 7848
544 7800
545 7890
546 7650
547 7860
548 7860
549 7752
550 7788
551 7830
552 7482
553 7722
554 7656
555 7680
556 7596
557 7596
558 7524
559 7566
560 7704
561 7662
562 7758
563 7656
564 7728
565 7866
566 7734
567 7896
568 7710
569 7530
570 7896
571 7824
572 7764
573 7578
574 383442
575 8196
576 7470
577 32976
578 8694
579 7584
580 7800
581 7818
582 7572
583 7782
584 7698
585 7740
586 7650
587 7644
588 7650
589 7638
590 7584
591 7944
592 7590
593 7596
594 7656
595 7584
596 7800
597 7644
598 7770
599 7854
600 7710
601 7776
602 7590
603 7620
604 7638
605 7776
606 7710
607 7584
608 7632
609 7578
610 7710
611 7584
612 7710
613 7584
614 7668
615 7644
616 7602
617 7626
618 7662
619 7500
620 7704
621 7566
622 7602
623 7626
624 7746
625 7584
626 7620
627 7602
628 7578
629 7788
630 7584
631 7692
632 7596
633 7632
634 7572
635 7608
636 7584
637 7596
638 7566
639 7596
640 7572
641 7596
642 7566
643 7596
644 7572
645 7590
646 7572
647 7596
648 7572
649 7602
650 7566
651 7590
652 7566
653 7596
654 7572
655 7590
656 7602
657 7590
658 7578
659 7632
660 7668
661 7590
662 7572
663 7584
664 7578
665 7482
666 7260
667 7680
668 7590
669 7590
670 7590
671 7584
672 7590
673 7578
674 7782
675 7596
676 7722
677 7674
678 7500
679 7758
680 7770
681 7764
682 7596
683 7656
684 7584
685 7782
686 7518
687 7596
688 7572
689 7596
690 7578
691 7590
692 7548
693 7782
694 7530
695 7566
696 7590
697 7566
698 7590
699 7584
700 7602
701 7596
702 7596
703 7464
704 7296
705 7308
706 7260
707 7314
708 7698
709 7380
710 7818
711 7746
712 7560
713 7662
714 7578
715 7602
716 7608
717 7548
718 7626
719 7698
720 7584
721 7602
722 7602
723 7584
724 7578
725 7626
726 7584
727 7584
728 7602
729 7590
730 7596
731 7602
732 7578
733 7656
734 7602
735 7620
736 7710
737 7248
738 7788
739 7608
740 7632
741 7746
742 7548
743 7644
744 7626
745 7716
746 7692
747 7248
748 7782
749 7560
750 7572
751 7746
752 7566
753 7416
754 7200
755 7386
756 7260
757 7482
758 7188
759 7362
760 7152
761 7380
762 7332
763 7440
764 7260
765 7158
766 7266
767 7506
768 7356
769 7578
770 7422
771 7140
772 7272
773 7398
774 7278
775 7608
776 7326
777 7182
778 7386
779 7440
780 7296
781 7650
782 7410
783 7698
784 7662
785 7806
786 7452
787 7416
788 7440
789 7362
790 7482
791 7740
792 7464
793 7290
794 7308
795 7356
796 7572
797 7122
798 7548
799 7128
800 7434
801 7134
802 7458
803 7158
804 7410
805 7482
806 7248
807 7458
808 7116
809 7392
810 7464
811 7254
812 7326
813 7404
814 7398
815 7314
816 7266
817 7236
818 7314
819 7398
820 7482
821 7182
822 7374
823 7320
824 7206
825 7500
826 7404
827 7266
828 7320
829 7434
830 7470
831 7194
832 7428
833 7308
834 7200
835 7344
836 7410
837 7290
838 7206
839 7278
840 7410
841 7188
842 7290
843 7404
844 7380
845 7578
846 7512
847 7548
848 7170
849 7278
850 7362
851 7320
852 7410
853 7410
854 7170
855 7446
856 7182
857 7374
858 7182
859 221166
860 10344
861 7500
862 7434
863 7218
864 7380
865 7506
866 7308
867 7872
868 7584
869 7584
870 7410
871 7410
872 7794
873 7320
874 7572
875 7458
876 100248
877 13374
878 7746
879 7524
880 7590
881 7464
882 7464
883 7632
884 7770
885 7890
886 7530
887 7692
888 7524
889 7692
890 7494
891 7716
892 7572
893 7692
894 7530
895 7716
896 7788
897 7674
898 7476
899 7566
900 7512
901 7410
902 7506
903 7734
904 7392
905 7494
906 7782
907 7668
908 7668
909 59232
910 9126
911 7590
912 7290
913 7860
914 7572
915 7536
916 124656
917 8466
918 7746
919 7608
920 7506
921 7338
922 7566
923 7374
924 7494
925 7518
926 7590
927 7554
928 7590
929 7476
930 7284
931 7614
932 7644
933 7512
934 7740
935 7680
936 7650
937 7476
938 7356
939 7458
940 7302
941 7134
942 7512
943 7164
944 7572
945 7164
946 7314
947 7272
948 7476
949 7182
950 7530
951 7086
952 7488
953 7116
954 7284
955 7254
956 7440
957 7308
958 7488
959 7284
960 7536
961 7422
962 7530
963 7416
964 7506
965 7614
966 7278
967 7296
968 7500
969 7602
970 7440
971 7584
972 7596
973 7572
974 7554
975 7476
976 7254
977 7482
978 7656
979 7698
980 7518
981 7584
982 7584
983 7134
984 7260
985 7446
986 7230
987 7248
988 7386
989 7380
990 7188
991 7344
992 7350
993 7386
994 7440
995 7092
996 7536
997 7176
998 7548
999 7074
1000 7236
1001 78882
1002 11094
1003 7632
1004 7650
1005 7590
1006 7770
1007 7584
1008 7536
1009 7356
1010 7398
1011 7308
1012 7314
1013 7524
1014 7566
1015 7716
1016 7518
1017 7752
1018 7638
1019 7494
1020 7806
1021 7704
1022 7512
1023 7554
